1,0.00308221057674348
2,0.00345647900391948
3,0.00319521085187162
4,0.00319521085187162
5,0.00319521085187162
6,0.00319521085187162
7,0.00319521085187162
8,0.00319521085187162
9,0.00319521085187162
10,0.00319521085187162
11,0.00319521085187162
12,0.00319521085187162
13,0.00319521085187162
14,0.00319521085187162
15,0.00319521085187162
16,0.00319521085187162
17,0.00319521085187162
18,0.00319521085187162
19,0.00319521085187162
20,0.00319521085187162
21,0.00319521085187162
22,0.00319521085187162
23,0.00319521085187162
24,0.00319521085187162
25,0.00319521085187162
26,0.00319521085187162
27,0.00319521085187162
28,0.00319521085187162
29,0.00345647900391948
30,0.00359413606558156
31,0.00359413606558156
32,0.00359413606558156
33,0.00359413606558156
34,0.00334930213613726
35,0.00334930213613726
36,0.00334930213613726
37,0.00359413606558156
38,0.00359413606558156
39,0.00334930213613726
40,0.00359413606558156
41,0.00345647900391948
42,0.00332704450618778
43,0.00332704450618778
44,0.00332704450618778
45,0.00332704450618778
46,0.00332704450618778
47,0.00345647900391948
48,0.00322911093441006
49,0.00322911093441006
50,0.00322911093441006
51,0.00322911093441006
52,0.00322911093441006
53,0.00322911093441006
54,0.00322911093441006
55,0.00322911093441006
56,0.00322911093441006
57,0.00322911093441006
58,0.00322911093441006
59,0.00322911093441006
60,0.00322911093441006
61,0.00322911093441006
62,0.00322911093441006
63,0.00322911093441006
64,0.00396659496754971
65,0.00344542618270713
66,0.00344542618270713
67,0.00344542618270713
68,0.00344542618270713
69,0.00344542618270713
70,0.00344542618270713
71,0.00344542618270713
72,0.00344542618270713
73,0.00344542618270713
74,0.00344542618270713
75,0.00344542618270713
76,0.00344542618270713
77,0.0063740384380082
78,0.00319097205166017
79,0.00329079422726863
80,0.00329079422726863
81,0.00329079422726863
82,0.00329079422726863
83,0.00329079422726863
84,0.00319097205166017
85,0.00319097205166017
86,0.00319097205166017
87,0.00319097205166017
88,0.00319097205166017
89,0.00319097205166017
90,0.00319097205166017
91,0.00344542618270713
92,0.00329079422726863
93,0.00329079422726863
94,0.00344542618270713
95,0.00375801131702456
96,0.00318203275235195
97,0.00318203275235195
98,0.00318203275235195
99,0.00318203275235195
100,0.00318203275235195
101,0.00318203275235195
102,0.00318203275235195
103,0.00318203275235195
104,0.00318203275235195
105,0.00322911093441006
106,0.00322911093441006
107,0.00345647900391948
108,0.00323684253218198
109,0.00323684253218198
110,0.00308221057674348
111,0.00326934479033148
112,0.00326934479033148
113,0.00326934479033148
114,0.00326934479033148
115,0.00326934479033148
116,0.00326934479033148
117,0.00326934479033148
118,0.00326934479033148
119,0.00326934479033148
120,0.00326934479033148
121,0.00326934479033148
122,0.00326934479033148
123,0.00328070651044218
124,0.00328070651044218
125,0.00328070651044218
126,0.00328070651044218
127,0.00328070651044218
128,0.00328070651044218
129,0.00328070651044218
130,0.00328070651044218
131,0.00328070651044218
132,0.00328070651044218
133,0.00328070651044218
134,0.00328070651044218
135,0.00328070651044218
136,0.00328070651044218
137,0.00326934479033148
138,0.00326934479033148
139,0.00308221057674348
140,0.0033203813940373
141,0.0041313214973926
142,0.00407628789064241
143,0.00407628789064241
144,0.00407628789064241
145,0.00322852821310947
146,0.00322852821310947
147,0.00322852821310947
148,0.00322852821310947
149,0.00322852821310947
150,0.00322852821310947
151,0.00322852821310947
152,0.00322852821310947
153,0.00322852821310947
154,0.00322852821310947
155,0.00322852821310947
156,0.00322852821310947
157,0.00407628789064241
158,0.00407628789064241
159,0.00407628789064241
160,0.00407628789064241
161,0.00407628789064241
162,0.00407628789064241
163,0.00407628789064241
164,0.00407628789064241
165,0.00407628789064241
166,0.00321049803969492
167,0.00392997025427642
168,0.00392997025427642
169,0.00392997025427642
170,0.00392997025427642
171,0.00392997025427642
172,0.00392997025427642
173,0.00402702486232365
174,0.00328356181985966
175,0.00328356181985966
176,0.00328356181985966
177,0.00328356181985966
178,0.00328356181985966
179,0.00328356181985966
180,0.00328356181985966
181,0.00328356181985966
182,0.00328356181985966
183,0.00328356181985966
184,0.00328356181985966
185,0.00328356181985966
186,0.00328356181985966
187,0.00328356181985966
188,0.00328356181985966
189,0.00328356181985966
190,0.004089501225141
191,0.00341347971907814
192,0.00331394897950147
193,0.00331394897950147
194,0.00331394897950147
195,0.00341347971907814
196,0.00341347971907814
197,0.00341347971907814
198,0.00341347971907814
199,0.00341347971907814
200,0.00341347971907814
201,0.00341347971907814
202,0.00341347971907814
203,0.00341347971907814
204,0.00341347971907814
205,0.0033203813940373
206,0.00322332678599007
207,0.0033203813940373
208,0.00321660696650213
209,0.0033203813940373
210,0.00321660696650213
211,0.0033203813940373
212,0.00320492032391443
213,0.0036299446198549
214,0.00318174131632015
215,0.00318174131632015
216,0.00318174131632015
217,0.00318174131632015
218,0.00318174131632015
219,0.00318174131632015
220,0.00318174131632015
221,0.00318174131632015
222,0.00318174131632015
223,0.00318174131632015
224,0.00318174131632015
225,0.00318174131632015
226,0.00318174131632015
227,0.00318174131632015
228,0.00318174131632015
229,0.00318174131632015
230,0.00318174131632015
231,0.00318174131632015
232,0.00318174131632015
233,0.0033203813940373
234,0.0031463543082192
235,0.0031463543082192
236,0.0031463543082192
237,0.0031463543082192
238,0.0031463543082192
239,0.0031463543082192
240,0.0031463543082192
241,0.0031463543082192
242,0.0031463543082192
243,0.0031463543082192
244,0.0031463543082192
245,0.0031463543082192
246,0.0031463543082192
247,0.0031463543082192
248,0.0031463543082192
249,0.0031463543082192
250,0.0031463543082192
251,0.0031463543082192
252,0.0031463543082192
253,0.0031463543082192
254,0.0031463543082192
255,0.00338452512551302
256,0.00316682370488131
257,0.00316682370488131
258,0.00316682370488131
259,0.00316682370488131
260,0.00316682370488131
261,0.00316682370488131
262,0.00316682370488131
263,0.00316682370488131
264,0.00316682370488131
265,0.00316682370488131
266,0.00316682370488131
267,0.00316682370488131
268,0.00316682370488131
269,0.00316682370488131
270,0.00316682370488131
271,0.00316682370488131
272,0.00316682370488131
273,0.00316682370488131
274,0.00316682370488131
275,0.00316682370488131
276,0.00316682370488131
277,0.00316682370488131
278,0.00316682370488131
279,0.00316682370488131
280,0.00316682370488131
281,0.00316682370488131
282,0.00316682370488131
283,0.00316682370488131
284,0.00316682370488131
285,0.00316682370488131
286,0.00316682370488131
287,0.00316682370488131
288,0.00316682370488131
289,0.00316682370488131
290,0.0033203813940373
291,0.00320492032391443
292,0.00308221057674348
293,0.00570208956697544
294,0.00389000659873167
295,0.00389000659873167
296,0.00389000659873167
297,0.00389000659873167
298,0.00389000659873167
299,0.00389000659873167
